   2.7668000e+01
  -5.9758000e+01
  -1.8324100e+02
  -3.4355000e+02
  -6.1492800e+02
  -1.1029440e+03
  -1.7474000e+03
  -2.1678040e+03
  -1.8330560e+03
  -5.1999200e+02
   1.3649590e+03
   2.9825090e+03
   3.6550200e+03
   3.3255690e+03
   2.4914880e+03
   1.7353010e+03
   1.3073400e+03
   1.0805370e+03
   8.1170400e+02
   3.9810800e+02
  -8.4603000e+01
  -5.0887200e+02
  -8.0296100e+02
  -9.5779900e+02
  -9.9322600e+02
  -9.5054600e+02
  -8.9325100e+02
  -8.7348600e+02
  -8.8779600e+02
  -8.8388200e+02
  -8.2235200e+02
  -7.2275400e+02
  -6.3880800e+02
  -5.9578800e+02
  -5.6775000e+02
  -5.1757700e+02
  -4.4371000e+02
  -3.7593000e+02
  -3.3290700e+02
  -3.0065700e+02
  -2.5643400e+02
  -2.0033000e+02
  -1.5155100e+02
  -1.1860000e+02
  -8.7456000e+01
  -4.2929000e+01
   9.3590000e+00
